tree
version=v4
num_class=1
num_tree_per_iteration=1
label_index=0
max_feature_idx=84
objective=regression
feature_names=ret1 close log_vol log_amt amplitude upper_shadow lower_shadow MA5 STD5 MAX5 MIN5 RANK5 RESI5 BETA5 RSQR5 MA10 STD10 MAX10 MIN10 RANK10 RESI10 BETA10 RSQR10 MA20 STD20 MAX20 MIN20 RANK20 RESI20 BETA20 RSQR20 MA30 STD30 MAX30 MIN30 RANK30 RESI30 BETA30 RSQR30 MA60 STD60 MAX60 MIN60 RANK60 RESI60 BETA60 RSQR60 VOLRATIO5 VOLZ5 VOLRANK5 AMTRATIO5 CORR_CV5 CORR_RV5 CORR_RA5 VOLRATIO10 VOLZ10 VOLRANK10 AMTRATIO10 CORR_CV10 CORR_RV10 CORR_RA10 VOLRATIO20 VOLZ20 VOLRANK20 AMTRATIO20 CORR_CV20 CORR_RV20 CORR_RA20 VOLRATIO30 VOLZ30 VOLRANK30 AMTRATIO30 CORR_CV30 CORR_RV30 CORR_RA30 VOLRATIO60 VOLZ60 VOLRANK60 AMTRATIO60 CORR_CV60 CORR_RV60 CORR_RA60 OBVSLOPE10 VRETCOEF5 CMRA20
feature_infos=[-0.3302570088255915:1.0223859870848524] [1.3899999999999999:588.13202085946989] [10.753659849198824:21.6673135938846] [0:24.316565650342191] [0:0.31182636940794323] [0:0.27032520325203252] [0:0.14609929078014186] [-0.23649529326574947:0.37939913551392035] [1.66569392395852e-05:0.44876899881978671] [-0.38617628408370319:0] [0:1.2323275497380082] [0:1] [-0.19303197456086479:0.088711294202993243] [-58.983434583143229:83.403549400952556] [0:1] [-0.35230470645317802:0.41577132465457356] [4.9588576228659684e-05:0.31900955409021464] [-0.41686746987951817:0] [0:1.877276069590887] [0:1] [-0.32916549302050191:0.1621949814890998] [-28.046017175741174:39.741179299320009] [5.2148507669694995e-32:0.99620936415712058] [-0.53072476879774833:0.4654958677685952] [0.0037472601679264623:0.23118723052648688] [-0.45826762544942923:0] [0:4.8058086560364472] [0:1] [-0.42647975077881584:0.26735284990172764] [-12.64449141221521:17.178903035963611] [6.0257915487062462e-32:0.98021357128627706] [-0.61997721485055624:0.60675458752021005] [0.0039948420142419134:0.19014924563596738] [-0.56565993618174137:0] [0:5.631548974943053] [0:1] [-0.50910702586040735:0.34541119510833546] [-8.8244123161962662:6.1493884009281174] [2.3778205316234601e-11:0.97816554099581154] [-0.72072610910065671:0.42333919654361019] [0.0045866792494891288:0.14335762908670416] [-0.63503648661586354:0] [0:6.1397915389331708] [0:1] [-0.65435182676240822:0.47891434365805985] [-4.9042831268672149:3.6395587286487303] [4.2944817110441864e-33:0.96402897362869666] [0.0091441254855374327:4.7530266470150906] [-1.7877458194851052:1.7887261667389542] [0:1] [0.0088073372428059023:5] [-0.99901381087025953:0.99989713226475085] [-0.99960062434724362:0.99927748377795644] [-0.99988793822310318:0.99993849958554215] [0.0086359364643235313:7.0560641860431144] [-2.7309877707974439:2.8410006739332112] [0:1] [0.008865587053774002:10] [-0.96276867016465206:0.99789449064646241] [-0.9733205843601288:0.98698268187386873] [-0.97365890030171842:0.98309498940029527] [0.0082281952825013719:11.052294732849855] [-3.1099561147567791:4.2385636900596202] [0:1] [0.0078938853586565782:20] [-0.88806036846375747:0.9946781055194972] [-0.91078911242042981:0.94538811587817306] [-0.91151674211031919:0.94502242648720169] [0.0064214825117509923:12.717935269982764] [-3.6729558823392403:5.2767601653194056] [0:1] [0.0060336451140294099:30.000000000000004] [-0.8003815479576385:0.98909437765265285] [-0.88328715287976123:0.89126660137506131] [-0.88467146908381866:0.9143378347285428] [0.0055741304763400196:12.501687542012153] [-2.7170048998280665:7.4274750794811988] [0:1] [0.0051252768602237132:60] [-0.68117797957834358:0.95692148686312828] [-0.78955848512396287:0.79810879618872443] [-0.79453394720405035:0.81252891574780772] [-337.37067000000002:913.82150999999999] [-0.99912033104683606:0.99977706419048673] [0.015463917525773141:4.5762331838565027]
tree_sizes=2993 3096 3053 3083 3096

Tree=0
num_leaves=31
num_cat=0
split_feature=17 69 32 1 66 34 82 73 36 17 60 58 75 45 82 79 6 1 40 16 84 1 73 81 79 9 82 13 45 44
split_gain=3.82771 2.40479 0.667681 0.604813 0.502999 0.639701 0.634587 0.467146 0.445448 0.401317 0.397657 0.342107 0.339046 0.332134 0.401609 0.320584 0.293428 0.291155 0.281697 0.27917 0.243283 0.242567 0.203607 0.202909 0.255489 0.270091 0.263104 0.242138 0.20065 0.188948
threshold=-1.0000000180025095e-35 -0.50596100636370933 0.04151328193039245 52.445000000000007 -0.20119359643331958 0.29530691982721008 121.08713000000002 -0.19288677485216568 -0.17046191020594201 -0.15207443751260866 0.86272986206717006 0.84859288908771913 3.5809258863460021 0.59567930828243243 1.0973650000000001 0.79739893261640882 0.027479604980678439 8.3625000000000025 0.03257400945529703 0.058098148006342158 0.44746107206592839 57.503725117983535 0.23903885466622662 0.13390034563814479 0.56078026897398714 -0.051446945337620557 10.482685000000002 -0.19750000000000015 0.038477072256417749 0.0071394775466675506
decision_type=8 8 10 2 10 8 8 10 10 10 8 10 8 10 10 10 2 2 10 10 10 2 8 8 10 10 10 10 10 8
left_child=2 -2 4 7 6 29 16 19 -9 -7 12 23 -3 14 -5 -13 -1 -12 20 -4 22 -20 -11 28 26 -26 27 -25 -10 -6
right_child=1 10 3 13 5 9 -8 8 11 18 17 15 -14 -15 -16 -17 -18 -19 21 -21 -22 -23 -24 24 25 -27 -28 -29 -30 -31
leaf_value=0.0090395547398888689 0.016168226407946455 0.010527853617685472 0.0095013040499633307 0.0094840156752515337 0.0092818844868946676 0.011585144715153584 0.010422002617002487 0.010984443589342386 0.0095806571327868243 0.008649783023659801 0.010082573776510189 0.0072278741111164516 0.0085309774796272636 0.0065142290768867763 0.0074022476810127573 0.0094503023939667211 0.0074448059218494584 0.011065571068663243 0.011364729453656717 0.01206294723802968 0.0082386534787877077 0.0094498019973466053 0.0099252089115901901 0.0083856909019410855 0.0092381936466681813 0.010665697852986683 0.0079008543941226604 0.0098658969349149361 0.0080089757283738645 0.0095283235421690649
leaf_weight=8360 201 462 233 452 12896 373 838 265 275 335 1048 527 391 319 485 241 300 2875 534 201 252 232 4162 458 882 526 504 687 716 19531
leaf_count=8360 201 462 233 452 12896 373 838 265 275 335 1048 527 391 319 485 241 300 2875 534 201 252 232 4162 458 882 526 504 687 716 19531
internal_value=0.00949188 0.0108192 0.00937084 0.0089061 0.00943677 0.00951739 0.00911103 0.00913294 0.00899769 0.00999689 0.0105916 0.00888705 0.00960661 0.00791513 0.00840006 0.00791781 0.0089835 0.0108045 0.0098882 0.0107024 0.00974324 0.0107789 0.00982892 0.00907251 0.00927629 0.00976839 0.00885316 0.00927773 0.0084498 0.00943047
internal_weight=59561 4977 54584 6771 47813 38315 9498 5515 5081 5888 4776 4816 853 1256 937 768 8660 3923 5515 434 4749 766 4497 4048 3057 1408 1649 1145 991 32427
internal_count=59561 4977 54584 6771 47813 38315 9498 5515 5081 5888 4776 4816 853 1256 937 768 8660 3923 5515 434 4749 766 4497 4048 3057 1408 1649 1145 991 32427
is_linear=0
shrinkage=1


Tree=1
num_leaves=31
num_cat=0
split_feature=17 61 32 29 82 21 59 26 33 24 2 44 46 21 30 40 46 40 72 40 32 38 2 30 24 18 45 29 8 8
split_gain=3.45556 2.21622 0.602845 0.476353 0.470099 0.466945 0.424085 0.37049 0.381455 0.364638 0.327321 0.32158 0.321024 0.316661 0.306197 0.29729 0.277421 0.218833 0.21764 0.272877 0.285744 0.27643 0.258336 0.241572 0.234801 0.217509 0.208044 0.206089 0.205762 0.201658
threshold=-1.0000000180025095e-35 0.73982625899720522 0.04151328193039245 -0.01593193510091016 121.08713000000002 0.8419528619528619 0.86847667499754466 0.47229594161656457 -0.21589223561893287 0.047602008343149232 18.522056585274282 0.12048473528104103 0.1032452487124912 -0.023771043771043783 0.82361173759091078 0.048713723780180886 0.74587880294736375 0.041986873678349017 0.83068544429424185 0.034580947727111185 0.035815219960944306 0.72449899612151125 18.325618140128537 0.81976357117836363 0.01813081624274954 0.18717585252465543 0.35781988694503125 0.17495165586785624 0.017394939839201779 0.047087251306337292
decision_type=8 8 10 10 8 10 8 10 10 10 2 10 10 10 10 8 8 8 8 10 8 10 2 10 10 10 10 10 10 10
left_child=2 -2 3 4 13 7 11 8 26 18 17 -3 -12 28 16 -9 -7 -10 19 20 -5 22 -21 24 -20 -15 -4 -19 -1 -8
right_child=1 6 5 9 -6 14 29 15 10 -11 12 -13 -14 25 -16 -17 -18 27 23 21 -22 -23 -24 -25 -26 -27 -28 -29 -30 -31
leaf_value=-0.00033435437748184768 0.0063962883180777299 -0.00053701482223821582 0.00014385998130142646 -8.3305201058044277e-06 0.00092190433032683476 -0.0024356086660170576 0.0011955036289853695 0.001755194598250482 -1.9368198862370237e-05 0.0015846573783898782 -0.00029585050095744063 0.0013048179708071673 -0.002444009823192689 -0.00046496540342943257 -0.0033332018602770207 -0.00041933208241533884 -4.264251353025392e-05 -0.00053223314996426606 -0.00015328911871220077 0.00054718054172253692 -0.00067755772957229057 0.0018649842242334182 -0.0009860063511309405 -0.00067370567930606791 0.0006693118112080427 -0.0018442531058060188 -0.0014998549486417434 -0.001773228072367846 0.00010673981818265304 0.0028057073688662814
leaf_weight=5074 201 646 1908 18206 834 212 3547 334 1007 397 263 372 549 8350 218 290 291 956 1140 1599 1749 324 329 512 3506 298 213 530 5495 211
leaf_count=5074 201 646 1908 18206 834 212 3547 334 1007 397 263 372 549 8350 218 290 291 956 1140 1599 1749 324 329 512 3506 298 213 530 5495 211
internal_value=0 0.0012611 -0.00011501 -5.2359e-05 -0.00023812 -0.000556608 0.00104264 -0.000412021 -0.000545256 8.16296e-05 -0.000881054 0.000131745 -0.00175561 -0.000288769 -0.00176068 0.000737543 -0.00106396 -0.000593606 5.95845e-05 -8.15801e-06 -6.7268e-05 0.000513194 0.000282585 0.000352154 0.000466403 -0.00051328 -1.94817e-05 -0.000979106 -0.000104561 0.00128796
internal_weight=59561 4977 54584 47813 20051 6771 4776 6050 5426 27762 3305 1018 812 19217 721 624 503 2493 27365 22207 19955 2252 1928 5158 4646 8648 2121 1486 10569 3758
internal_count=59561 4977 54584 47813 20051 6771 4776 6050 5426 27762 3305 1018 812 19217 721 624 503 2493 27365 22207 19955 2252 1928 5158 4646 8648 2121 1486 10569 3758
is_linear=0
shrinkage=0.05


Tree=2
num_leaves=31
num_cat=0
split_feature=54 7 41 32 1 66 82 69 6 66 42 18 1 15 44 51 40 82 15 3 21 40 78 65 61 82 26 3 42 46
split_gain=2.72818 1.13448 0.679101 0.524821 0.481203 0.460947 0.557944 0.540658 0.418439 0.402634 0.345293 0.326739 0.277821 0.276374 0.261728 0.286474 0.265635 0.244437 0.242689 0.23661 0.232609 0.198356 0.274191 0.207334 0.195629 0.326266 0.314839 0.263968 0.223511 0.219191
threshold=0.34133587948625338 -0.068563864505673686 -1.0000000180025095e-35 0.04151328193039245 52.445000000000007 -0.20119359643331958 121.08713000000002 -1.3984035433620476 0.011174191313594312 -0.30247887065735374 0.87596263739364799 0.24635399042877162 11.931226708074776 0.11709602870400417 0.014014652920731558 0.48681071230109912 0.030019535607235547 -0.49867999999999996 0.054432700123931095 1.0000000180025095e-35 -0.13858585858585848 0.037097131414620038 1.1645132240231768 0.62029849267305381 1.1136466165710905 87.64509000000001 0.40845461142630962 19.73554707259084 0.47757367783901489 0.77456782554768411
decision_type=10 8 10 10 2 10 8 10 2 10 10 10 2 10 10 10 8 10 10 2 10 8 8 10 10 10 10 2 10 10
left_child=1 -1 3 5 9 6 11 20 -4 -5 17 -2 -3 24 15 16 18 -6 -9 -14 -7 -16 -23 -24 26 -26 27 28 -11 -29
right_child=2 12 8 4 10 7 -8 14 -10 13 -12 -13 19 -15 21 -17 -18 -19 -20 -21 -22 22 23 -25 25 -27 -28 29 -30 -31
leaf_value=0.0049465549266683902 -0.00042940858558821859 0.00056480823483804048 0.0030041972111867952 0.0012358984357884258 0 0.0011844380935260319 0.00084436416844612446 -0.00033988508289790436 0.00011465304205996981 0.00054851245902240431 -0.0030230631187108514 -0.0024554710648613189 0.0023182582346670936 0.0013048275844356871 8.5602138305338317e-05 -0.00031939702167856185 0.00025732690154767863 -0.001602409673946357 0.00079148489355623797 0.0011215463817304051 0.00033893555859097622 0 0.0027585762933147041 0.00077175666763214408 -0.0013972070133229536 0.0007413805730885582 0.0011679775749571096 -0.00099099738740774973 -0.0012044165404899421 0.00031882043696309205
leaf_weight=201 8566 1517 283 387 402 1110 875 4702 231 855 261 204 589 217 10856 10999 6260 603 524 1515 3155 573 221 349 1071 210 321 1898 229 377
leaf_count=201 8566 1517 283 387 402 1110 875 4702 231 855 261 204 589 217 10856 10999 6260 603 524 1515 3155 573 221 349 1071 210 321 1898 229 377
internal_value=0 0.00129208 -8.8651e-05 -0.000105588 -0.000515891 -4.75593e-05 -0.000356879 2.93115e-05 0.00171804 -0.000314442 -0.00139651 -0.000477382 0.00108653 -0.000431495 -3.6241e-05 -0.000136983 3.72746e-05 -0.000966542 -0.000225359 0.00145987 0.000560382 0.000152119 0.000778881 0.00155432 -0.000508699 -0.00104241 -0.000321323 -0.00046544 0.000172821 -0.0007717
internal_weight=59561 3822 55739 55225 6831 48394 9645 38749 514 5565 1266 8770 3621 5178 34484 22485 11486 1005 5226 2104 4265 11999 1143 570 4961 1281 3680 3359 1084 2275
internal_count=59561 3822 55739 55225 6831 48394 9645 38749 514 5565 1266 8770 3621 5178 34484 22485 11486 1005 5226 2104 4265 11999 1143 570 4961 1281 3680 3359 1084 2275
is_linear=0
shrinkage=0.05


Tree=3
num_leaves=31
num_cat=0
split_feature=17 69 42 44 59 6 28 51 8 82 28 34 4 40 30 21 24 3 62 46 83 84 8 44 82 81 66 16 36 4
split_gain=2.83656 1.92418 0.458232 0.378901 0.361214 0.31383 0.268057 0.267195 0.283449 0.260607 0.436827 0.347969 0.298607 0.254458 0.432055 0.218667 0.202303 0.200384 0.184484 0.240487 0.18537 0.180285 0.179583 0.174962 0.167293 0.161643 0.158626 0.174617 0.160092 0.143353
threshold=-1.0000000180025095e-35 -0.50596100636370933 2.0693407960199015 0.0071394775466675506 0.86847667499754466 0.031520709023147832 0.11787397377934135 0.71118515332910992 0.023634617298592318 235.74387500000003 0.068748926230949206 0.62122185384721651 0.024966834240588921 0.044119202670143437 0.82361173759091078 -0.16161616161616138 0.049586228594699751 20.51083315977532 -0.93928938711498844 0.75338105786495857 -0.24792398849003547 0.41032865594127871 0.047087251306337292 0.11037032019638686 19.680560000000003 0.17922307597144346 0.51737288402075465 0.036861661533047436 0.11619096289020552 0.02692181423304205
decision_type=8 8 10 8 8 2 8 10 10 8 8 8 2 8 10 10 8 2 10 10 10 10 10 10 10 8 10 10 10 2
left_child=2 -2 3 7 6 9 23 8 -1 10 11 21 -13 -14 15 -15 -7 -9 20 -20 -10 -5 -6 -3 -17 -23 28 -28 -12 -22
right_child=1 4 -4 5 22 16 -8 17 18 -11 26 12 13 14 -16 24 -18 -19 19 -21 29 25 -24 -25 -26 -27 27 -29 -30 -31
leaf_value=-0.00032414741211785021 0.0059276412146083554 7.1969404082661092e-05 -0.0022850488522117305 3.1378803789610178e-05 0.0010780514687672728 -0.0003201361645333468 -0.0010251571728142719 -0.00036459257317648729 4.5462653785781175e-05 0.00087830478810875371 -0.00048904039561579874 -0.00022239659958313203 0.0024519554611754915 0.0016931837030484333 -0.0011603395278201023 0.00038245213073773783 -0.0018175842313883661 -0.0010394373281077721 0.0001524667437390983 -0.00086383653174250819 0.00017416551012192715 0.00054358421590883492 0.0025976737374923072 0.001768253565685882 0.0016060743046653757 -0.0010529474955321423 -0.00049522563920762505 0.0015158179897447879 -0.001932714566393717 0.0017005129683383205
leaf_weight=9313 201 433 239 23565 3547 628 346 3481 714 881 3619 1072 204 573 303 1755 361 1636 2940 724 240 200 211 239 337 696 226 201 205 471
leaf_count=9313 201 433 239 23565 3547 628 346 3481 714 881 3619 1072 204 573 303 1755 361 1636 2940 724 240 200 211 239 337 696 226 201 205 471
internal_value=0 0.00114261 -0.000104173 -9.44477e-05 0.000938983 4.25184e-06 9.80236e-05 -0.000270796 -0.000160027 3.00671e-05 7.2138e-06 7.74205e-05 0.000495313 0.000739437 0.00061926 0.000823828 -0.000873062 -0.000581491 0.000139341 -4.71697e-05 0.000622105 4.69418e-06 0.00116537 0.000684421 0.000582627 -0.000690796 -0.000465589 0.000441072 -0.000568226 0.00119328
internal_weight=59561 4977 54584 54345 4776 34826 1018 19519 14402 33837 32956 28705 4244 3172 2968 2665 989 5117 5089 3664 1425 24461 3758 672 2092 896 4251 427 3824 711
internal_count=59561 4977 54584 54345 4776 34826 1018 19519 14402 33837 32956 28705 4244 3172 2968 2665 989 5117 5089 3664 1425 24461 3758 672 2092 896 4251 427 3824 711
is_linear=0
shrinkage=0.05


Tree=4
num_leaves=31
num_cat=0
split_feature=17 61 42 44 60 76 6 1 82 28 31 1 45 21 38 81 2 40 25 28 67 40 12 67 29 7 58 79 10 45
split_gain=2.5611 1.76501 0.413726 0.341933 0.303776 0.292611 0.283479 0.246191 0.235217 0.394391 0.319515 0.301164 0.359222 0.260152 0.231155 0.207685 0.190589 0.293 0.25828 0.195021 0.184992 0.177448 0.178047 0.175759 0.174176 0.182719 0.159584 0.187835 0.158515 0.153529
threshold=-1.0000000180025095e-35 0.73982625899720522 2.0693407960199015 0.0071394775466675506 0.83429567864209309 3.7025029225204551 0.031520709023147832 8.3625000000000025 235.74387500000003 0.068748926230949206 0.079060674851024651 55.546377179492204 0.21143175364154829 -0.16690235690235697 0.47043394987450521 0.12985762965887584 17.486385168118169 0.025526442455920909 -0.26650513506135942 -0.0023088556851310316 0.24296136579333952 0.048225301557278617 0.027394480344989498 0.26888872902425809 0.27411950929956469 0.067906400391919544 0.47465170165363707 0.78770094956041503 0.092154830301176452 0.006850141394618813
decision_type=8 8 10 8 8 8 2 2 8 8 8 2 10 10 10 8 2 8 10 10 10 10 10 8 10 10 10 10 10 10
left_child=2 -2 3 16 5 14 8 -6 9 10 11 12 21 -12 -3 -13 17 19 -18 -1 28 22 -5 -24 25 26 -20 29 -8 -28
right_child=1 4 -4 6 7 -7 20 -9 -10 -11 13 15 -14 -15 -16 -17 18 -19 24 -21 -22 -23 23 -25 -26 -27 27 -29 -30 -31
leaf_value=-0.00013797976414518055 0.0056687366103711379 -0.00043044379604482248 -0.0021712724272171424 2.9998785733982479e-05 0.00041021272528189739 -0.0010846766156034592 -0.00060681961259280621 0.0013094684380201308 0.00083443934268613302 -0.00044238527293735436 0.0011058813505960177 0.00072589506316179746 0.0020155576833135926 0.00023707654021731632 0.0018031170420888991 -0.00071084714329852335 0.00098696692282372362 5.9242711457554091e-05 -0.00026074611655026972 -0.00070408883825383599 1.0603342484922829e-05 -0.0014227464583135003 0.0021333414387467347 9.5885425913791629e-05 -0.0018917769340728607 0.00080928776257163681 -0.00034637003438372913 -1.8609539710137341e-05 -0.0022640994422424366 -0.0012786806197425421
leaf_weight=3232 201 200 239 20782 1057 348 326 2907 881 4251 1148 282 231 3546 264 2076 278 7375 2350 2920 387 205 201 234 239 248 625 593 276 1659
leaf_count=3232 201 200 239 20782 1057 348 326 2907 881 4251 1148 282 231 3546 264 2076 278 7375 2350 2920 387 205 201 234 239 248 625 593 276 1659
internal_value=0 0.00108573 -9.89652e-05 -8.97197e-05 0.000890662 3.38828e-06 4.03438e-06 0.00107111 2.85767e-05 6.85746e-06 7.35743e-05 0 5.82551e-05 0.000450813 0.000830767 -0.000536669 -0.000257245 -0.000152702 -0.00049235 -0.000407563 -0.000829769 3.68224e-05 5.12269e-05 0.00105153 -0.000565358 -0.000506208 -0.000569722 -0.000820185 -0.00137742 -0.00102601
internal_weight=59561 4977 54584 54345 4776 812 34826 3964 33837 32956 28705 24011 21653 4694 464 2358 19519 13527 5992 6152 989 21422 21217 435 5714 5475 5227 2877 602 2284
internal_count=59561 4977 54584 54345 4776 812 34826 3964 33837 32956 28705 24011 21653 4694 464 2358 19519 13527 5992 6152 989 21422 21217 435 5714 5475 5227 2877 602 2284
is_linear=0
shrinkage=0.05


end of trees

feature_importances:
OBVSLOPE10=10
STD60=9
close=7
RESI60=6
MAX10=5
BETA10=5
BETA60=5
lower_shadow=4
STD5=4
RESI20=4
STD30=4
MIN60=4
RSQR60=4
CORR_RV20=4
log_vol=3
log_amt=3
STD20=3
BETA20=3
RSQR20=3
VOLRATIO20=3
VOLZ30=3
CORR_CV60=3
CORR_RA60=3
amplitude=2
MA5=2
MA10=2
STD10=2
MIN10=2
MIN20=2
MIN30=2
RESI30=2
RSQR30=2
CORR_CV5=2
CORR_CV10=2
CORR_RV10=2
CORR_RA10=2
CORR_RA20=2
CORR_RV30=2
CMRA20=2
MAX5=1
MIN5=1
RESI5=1
BETA5=1
MAX20=1
MA30=1
MAX30=1
MAX60=1
VOLRATIO10=1
VOLZ20=1
CORR_CV20=1
CORR_CV30=1
VOLRATIO60=1
VOLZ60=1
AMTRATIO60=1
VRETCOEF5=1

parameters:
[boosting: gbdt]
[objective: regression]
[metric: l2]
[tree_learner: serial]
[device_type: cpu]
[data_sample_strategy: bagging]
[data: ]
[valid: ]
[num_iterations: 500]
[learning_rate: 0.05]
[num_leaves: 31]
[num_threads: 24]
[seed: 42]
[deterministic: 0]
[force_col_wise: 0]
[force_row_wise: 0]
[histogram_pool_size: -1]
[max_depth: -1]
[min_data_in_leaf: 200]
[min_sum_hessian_in_leaf: 0.001]
[bagging_fraction: 0.8]
[pos_bagging_fraction: 1]
[neg_bagging_fraction: 1]
[bagging_freq: 0]
[bagging_seed: 400]
[bagging_by_query: 0]
[feature_fraction: 0.8]
[feature_fraction_bynode: 1]
[feature_fraction_seed: 30056]
[extra_trees: 0]
[extra_seed: 12879]
[early_stopping_round: 0]
[early_stopping_min_delta: 0]
[first_metric_only: 0]
[max_delta_step: 0]
[lambda_l1: 0.1]
[lambda_l2: 1]
[linear_lambda: 0]
[min_gain_to_split: 0]
[drop_rate: 0.1]
[max_drop: 50]
[skip_drop: 0.5]
[xgboost_dart_mode: 0]
[uniform_drop: 0]
[drop_seed: 17869]
[top_rate: 0.2]
[other_rate: 0.1]
[min_data_per_group: 100]
[max_cat_threshold: 32]
[cat_l2: 10]
[cat_smooth: 10]
[max_cat_to_onehot: 4]
[top_k: 20]
[monotone_constraints: ]
[monotone_constraints_method: basic]
[monotone_penalty: 0]
[feature_contri: ]
[forcedsplits_filename: ]
[refit_decay_rate: 0.9]
[cegb_tradeoff: 1]
[cegb_penalty_split: 0]
[cegb_penalty_feature_lazy: ]
[cegb_penalty_feature_coupled: ]
[path_smooth: 0]
[interaction_constraints: ]
[verbosity: -1]
[saved_feature_importance_type: 0]
[use_quantized_grad: 0]
[num_grad_quant_bins: 4]
[quant_train_renew_leaf: 0]
[stochastic_rounding: 1]
[linear_tree: 0]
[max_bin: 255]
[max_bin_by_feature: ]
[min_data_in_bin: 3]
[bin_construct_sample_cnt: 200000]
[data_random_seed: 175]
[is_enable_sparse: 1]
[enable_bundle: 1]
[use_missing: 1]
[zero_as_missing: 0]
[feature_pre_filter: 1]
[pre_partition: 0]
[two_round: 0]
[header: 0]
[label_column: ]
[weight_column: ]
[group_column: ]
[ignore_column: ]
[categorical_feature: ]
[forcedbins_filename: ]
[precise_float_parser: 0]
[parser_config_file: ]
[objective_seed: 16083]
[num_class: 1]
[is_unbalance: 0]
[scale_pos_weight: 1]
[sigmoid: 1]
[boost_from_average: 1]
[reg_sqrt: 0]
[alpha: 0.9]
[fair_c: 1]
[poisson_max_delta_step: 0.7]
[tweedie_variance_power: 1.5]
[lambdarank_truncation_level: 30]
[lambdarank_norm: 1]
[label_gain: ]
[lambdarank_position_bias_regularization: 0]
[eval_at: ]
[multi_error_top_k: 1]
[auc_mu_weights: ]
[num_machines: 1]
[local_listen_port: 12400]
[time_out: 120]
[machine_list_filename: ]
[machines: ]
[gpu_platform_id: -1]
[gpu_device_id: -1]
[gpu_device_id_list: ]
[gpu_use_dp: 0]
[num_gpu: 1]

end of parameters

pandas_categorical:[]
